1.50000000 1.50000000 1.57079633
1.50000000 1.50000000 1.57079633
1.50000000 1.50000000 1.57079633
1.60000000 1.50000000 1.57079633
1.70000000 1.50000000 1.57079633
1.80000000 1.50000000 1.57079633
1.90000000 1.50000000 1.57079633
2.00000000 1.50000000 1.57079633
2.10000000 1.50000000 1.57079633
2.20000000 1.50000000 1.57079633
2.30000000 1.50000000 1.57079633
2.40000000 1.50000000 1.57079633
2.50000000 1.50000000 1.57079633
2.60000000 1.50000000 1.57079633
2.70000000 1.50000000 1.57079633
2.80000000 1.50000000 1.57079633
2.90000000 1.50000000 1.57079633
3.00000000 1.50000000 1.57079633
3.10000000 1.50000000 1.57079633
3.20000000 1.50000000 1.57079633
3.30000000 1.50000000 1.57079633
3.40000000 1.50000000 1.57079633
3.50000000 1.50000000 1.57079633
3.60000000 1.50000000 1.57079633
3.70000000 1.50000000 1.57079633
3.80000000 1.50000000 1.57079633
3.90000000 1.50000000 1.57079633
4.00000000 1.50000000 1.57079633
4.10000000 1.50000000 1.57079633
4.20000000 1.50000000 1.57079633
4.30000000 1.50000000 1.57079633
4.40000000 1.50000000 1.57079633
4.50000000 1.50000000 1.57079633
4.60000000 1.50000000 1.57079633
4.70000000 1.50000000 1.57079633
4.80000000 1.50000000 1.57079633
4.90000000 1.50000000 1.57079633
5.00000000 1.50000000 1.57079633
5.10000000 1.50000000 1.57079633
5.20000000 1.50000000 1.57079633
5.30000000 1.50000000 1.57079633
5.40000000 1.50000000 1.57079633
5.50000000 1.50000000 1.57079633
5.60000000 1.50000000 1.57079633
5.70000000 1.50000000 1.57079633
5.80000000 1.50000000 1.57079633
5.90000000 1.50000000 1.57079633
6.00000000 1.50000000 1.57079633
6.10000000 1.50000000 1.57079633
6.20000000 1.50000000 1.57079633
6.30000000 1.50000000 1.57079633
6.40000000 1.50000000 1.57079633
6.50000000 1.50000000 1.57079633
6.60000000 1.50000000 1.57079633
6.70000000 1.50000000 1.57079633
6.80000000 1.50000000 1.57079633
6.90000000 1.50000000 1.57079633
7.00000000 1.50000000 1.57079633
7.10000000 1.50000000 1.57079633
7.20000000 1.50000000 1.57079633
7.30000000 1.50000000 1.57079633
7.40000000 1.50000000 1.57079633
7.50000000 1.50000000 1.57079633
7.50000000 1.50000000 1.57079633
7.50000000 1.50000000 1.57079633
7.50000000 1.50000000 1.57079633
7.30033317 1.50999167 1.67079633
7.10266134 1.53986684 1.77079633
6.90895959 1.58932702 1.87079633
6.72116332 1.65787801 1.97079633
6.54114892 1.74483488 2.07079633
6.37071505 1.84932877 2.17079633
6.21156463 1.97031563 2.27079633
6.06528782 2.10658658 2.37079633
5.93334618 2.25678006 2.47079633
5.81705803 2.41939539 2.57079633
5.71758528 2.59280776 2.67079633
5.63592183 2.77528449 2.77079633
5.62337224 2.80843059 2.78851771
5.62337224 2.80843059 2.78851771
5.58879377 2.90226198 2.78851771
5.55421530 2.99609337 2.78851771
5.51963683 3.08992476 2.78851771
5.48505836 3.18375615 2.78851771
5.45047989 3.27758754 2.78851771
5.41590142 3.37141892 2.78851771
5.38132295 3.46525031 2.78851771
5.34674448 3.55908170 2.78851771
5.31216601 3.65291309 2.78851771
5.27758754 3.74674448 2.78851771
5.24300906 3.84057586 2.78851771
5.20843059 3.93440725 2.78851771
5.17385212 4.02823864 2.78851771
5.13927365 4.12207003 2.78851771
5.10469518 4.21590142 2.78851771
5.07011671 4.30973280 2.78851771
5.03553824 4.40356419 2.78851771
5.00095977 4.49739558 2.78851771
4.96638130 4.59122697 2.78851771
4.93180283 4.68505836 2.78851771
4.89722436 4.77888974 2.78851771
4.86264589 4.87272113 2.78851771
4.82806742 4.96655252 2.78851771
4.79348895 5.06038391 2.78851771
4.75891048 5.15421530 2.78851771
4.72433201 5.24804669 2.78851771
4.68975354 5.34187807 2.78851771
4.65517507 5.43570946 2.78851771
4.62059660 5.52954085 2.78851771
4.58601813 5.62337224 2.78851771
4.55143966 5.71720363 2.78851771
4.51686119 5.81103501 2.78851771
4.48228272 5.90486640 2.78851771
4.44770425 5.99869779 2.78851771
4.41312578 6.09252918 2.78851771
4.37854731 6.18636057 2.78851771
4.37662776 6.19156941 2.78851771
4.37662776 6.19156941 2.78851771
4.29821070 6.37546460 2.68851771
4.20182652 6.55061244 2.58851771
4.08843824 6.71526291 2.48851771
3.95917882 6.86777088 2.38851771
3.81533976 7.00661253 2.28851771
3.65835827 7.13040060 2.18851771
3.48980284 7.23789825 2.08851771
3.31135763 7.32803140 1.98851771
3.12480560 7.39989946 1.88851771
2.93201072 7.45278436 1.78851771
2.73489933 7.48615767 1.68851771
2.53544091 7.49968596 1.58851771
2.50000000 7.50000000 1.57079633
2.50000000 7.50000000 1.57079633
2.69966683 7.49000833 1.67079633
2.89733866 7.46013316 1.77079633
3.09104041 7.41067298 1.87079633
3.24278135 7.35695338 1.95130270
3.24278135 7.35695338 1.95130270
3.06110616 7.44038481 2.05130270
2.88866784 7.54153669 2.15130270
2.72718933 7.65939834 2.25130270
2.57828407 7.79279212 2.35130270
2.44343987 7.94038521 2.45130270
2.32400405 8.10070290 2.55130270
2.22116998 8.27214336 2.65130270
2.13596513 8.45299361 2.75130270
2.06924086 8.64144665 2.85130270
2.02166384 8.83561953 2.95130270
1.99370944 9.03357212 3.05130270
1.98565699 9.23332656 -3.13188260
1.99758693 9.43288696 -3.03188260
2.02938007 9.63025939 -2.93188260
2.08071874 9.82347175 -2.83188260
2.12860932 9.95668812 -2.76108628
2.12860932 9.95668812 -2.76108628
2.16574839 10.04953579 -2.76108628
2.20288746 10.14238345 -2.76108628
2.24002653 10.23523112 -2.76108628
2.27716559 10.32807879 -2.76108628
2.31430466 10.42092646 -2.76108628
2.35144373 10.51377413 -2.76108628
2.38858280 10.60662180 -2.76108628
2.42572186 10.69946947 -2.76108628
2.46286093 10.79231714 -2.76108628
2.50000000 10.88516481 -2.76108628
2.53713907 10.97801248 -2.76108628
2.57427814 11.07086015 -2.76108628
2.61141720 11.16370781 -2.76108628
2.64304662 11.24278135 -2.76108628
2.64304662 11.24278135 -2.76108628
2.72647805 11.42445654 -2.66108628
2.82762993 11.59689486 -2.56108628
2.94549157 11.75837338 -2.46108628
3.07888536 11.90727864 -2.36108628
3.22647844 12.04212284 -2.26108628
3.38679614 12.16155865 -2.16108628
3.55823660 12.26439273 -2.06108628
3.73908685 12.34959757 -1.96108628
3.92753989 12.41632185 -1.86108628
4.12171276 12.46389887 -1.76108628
4.31966536 12.49185326 -1.66108628
4.50000000 12.50000000 -1.57079633
4.50000000 12.50000000 -1.57079633
4.69966683 12.49000833 -1.47079633
4.89733866 12.46013316 -1.37079633
4.99899960 12.43674970 -1.31863264
4.99899960 12.43674970 -1.31863264
4.80814018 12.49624222 -1.21863264
4.62417360 12.57449167 -1.11863264
4.44893800 12.67071621 -1.01863264
4.28418427 12.78395439 -0.91863264
4.13155858 12.91307479 -0.81863264
3.99258592 13.05678726 -0.71863264
3.86865484 13.21365589 -0.61863264
3.76100364 13.38211329 -0.51863264
3.67070792 13.56047629 -0.41863264
3.59866989 13.74696276 -0.31863264
3.54560933 13.93970936 -0.21863264
3.51205641 14.13679026 -0.11863264
3.49834636 14.33623627 -0.01863264
3.49899960 14.43674970 0.03163042
3.49899960 14.43674970 0.03163042
3.50000000 14.50000000 -0.00000000
3.50000000 14.50000000 0.00000000
3.50999167 14.30033317 -0.10000000
3.53986684 14.10266134 -0.20000000
3.58932702 13.90895959 -0.30000000
3.65787801 13.72116332 -0.40000000
3.74483488 13.54114892 -0.50000000
3.76794919 13.50000000 -0.52359878
3.76794919 13.50000000 -0.52359878
3.85912957 13.32208762 -0.42359878
3.93209282 13.13596120 -0.32359878
3.98610993 12.94348048 -0.22359878
4.02064117 12.74656864 -0.12359878
4.03534151 12.54719317 -0.02359878
4.03006408 12.34734616 0.07640122
4.00486160 12.14902442 0.17640122
3.95998589 11.95420951 0.27640122
3.89588534 11.76484796 0.37640122
3.81320041 11.58283181 0.47640122
3.76794919 11.50000000 0.52359878
3.76794919 11.50000000 0.52359878
3.87643565 11.66792072 0.62359878
4.00114422 11.82417195 0.72359878
4.14082887 11.96719250 0.82359878
4.29409390 12.09555335 0.92359878
4.45940795 12.20797195 1.02359878
4.63511926 12.30332507 1.12359878
4.81947216 12.38065995 1.22359878
5.01062467 12.43920391 1.32359878
5.20666686 12.47837197 1.42359878
5.40563994 12.49777280 1.52359878
5.50000000 12.50000000 1.57079633
5.50000000 12.50000000 1.57079633
5.69966683 12.49000833 1.67079633
5.89733866 12.46013316 1.77079633
6.09104041 12.41067298 1.87079633
6.27883668 12.34212199 1.97079633
6.45885108 12.25516512 2.07079633
6.62928495 12.15067123 2.17079633
6.78843537 12.02968437 2.27079633
6.93471218 11.89341342 2.37079633
7.01568019 11.80488067 2.43079254
7.01568019 11.80488067 2.43079254
7.08092422 11.72909666 2.43079254
7.14616826 11.65331265 2.43079254
7.21141229 11.57752864 2.43079254
7.27665632 11.50174463 2.43079254
7.34190036 11.42596062 2.43079254
7.40714439 11.35017661 2.43079254
7.47238842 11.27439260 2.43079254
7.53763246 11.19860859 2.43079254
7.60287649 11.12282458 2.43079254
7.66812053 11.04704057 2.43079254
7.73336456 10.97125656 2.43079254
7.79860859 10.89547255 2.43079254
7.86385263 10.81968854 2.43079254
7.92909666 10.74390453 2.43079254
7.99434069 10.66812053 2.43079254
8.05958473 10.59233652 2.43079254
8.12482876 10.51655251 2.43079254
8.19007279 10.44076850 2.43079254
8.25531683 10.36498449 2.43079254
8.32056086 10.28920048 2.43079254
8.38580489 10.21341647 2.43079254
8.45104893 10.13763246 2.43079254
8.51629296 10.06184845 2.43079254
8.58153699 9.98606444 2.43079254
8.64678103 9.91028043 2.43079254
8.71202506 9.83449642 2.43079254
8.77726909 9.75871241 2.43079254
8.84251313 9.68292840 2.43079254
8.90775716 9.60714439 2.43079254
8.97300119 9.53136038 2.43079254
9.03824523 9.45557637 2.43079254
9.10348926 9.37979236 2.43079254
9.16873329 9.30400835 2.43079254
9.23397733 9.22822434 2.43079254
9.29922136 9.15244033 2.43079254
9.36446539 9.07665632 2.43079254
9.42970943 9.00087232 2.43079254
9.49495346 8.92508831 2.43079254
9.56019749 8.84930430 2.43079254
9.62544153 8.77352029 2.43079254
9.69068556 8.69773628 2.43079254
9.75592959 8.62195227 2.43079254
9.82117363 8.54616826 2.43079254
9.88641766 8.47038425 2.43079254
9.95166169 8.39460024 2.43079254
10.01690573 8.31881623 2.43079254
10.08214976 8.24303222 2.43079254
10.14739380 8.16724821 2.43079254
10.21263783 8.09146420 2.43079254
10.27788186 8.01568019 2.43079254
10.34312590 7.93989618 2.43079254
10.40836993 7.86411217 2.43079254
10.47361396 7.78832816 2.43079254
10.53885800 7.71254415 2.43079254
10.60410203 7.63676014 2.43079254
10.66934606 7.56097613 2.43079254
10.73459010 7.48519212 2.43079254
10.79983413 7.40940811 2.43079254
10.86507816 7.33362411 2.43079254
10.93032220 7.25784010 2.43079254
10.98431981 7.19511933 2.43079254
10.98431981 7.19511933 2.43079254
11.12216259 7.05032277 2.33079254
11.27377227 6.92001090 2.23079254
11.43763401 6.80548576 2.13079254
11.61211056 6.70789165 2.03079254
11.79545861 6.62820369 1.93079254
11.98584621 6.56721810 1.83079254
12.18137105 6.52554423 1.73079254
12.38007954 6.50359847 1.63079254
12.50000000 6.50000000 1.57079633
12.50000000 6.50000000 1.57079633
12.69966683 6.50999167 1.47079633
12.89733866 6.53986684 1.37079633
13.09104041 6.58932702 1.27079633
13.27883668 6.65787801 1.17079633
13.45885108 6.74483488 1.07079633
13.62928495 6.84932877 0.97079633
13.78843537 6.97031563 0.87079633
13.93471218 7.10658658 0.77079633
14.06665382 7.25678006 0.67079633
14.18294197 7.41939539 0.57079633
14.28241472 7.59280776 0.47079633
14.36407817 7.77528449 0.37079633
14.42711637 7.96500234 0.27079633
14.47089946 8.16006571 0.17079633
14.49498997 8.35852560 0.07079633
14.49914721 8.55839904 -0.02920367
14.48332962 8.75768899 -0.12920367
14.44769526 8.95440419 -0.22920367
14.39260018 9.14657913 -0.32920367
14.31859485 9.33229367 -0.42920367
14.29158623 9.38894252 -0.46058392
14.29158623 9.38894252 -0.46058392
14.21179053 9.57224370 -0.36058392
14.15069305 9.76259542 -0.26058392
14.10890428 9.95809574 -0.16058392
14.08684174 10.15679129 -0.06058392
14.08472588 10.35669677 0.03941608
14.10257783 10.55581479 0.13941608
14.14021923 10.75215583 0.23941608
14.19727398 10.94375811 0.33941608
14.27317200 11.12870720 0.43941608
14.36715495 11.30515517 0.53941608
14.47828377 11.47133899 0.63941608
14.50000000 11.50000000 0.65739581
14.50000000 11.50000000 0.65739581
14.61409864 11.66415900 0.55739581
14.71123872 11.83888874 0.45739581
14.79044963 12.02244339 0.35739581
14.85093992 12.21298893 0.25739581
14.89210521 12.40862149 0.15739581
14.91353418 12.60738637 0.05739581
14.91501271 12.80729758 -0.04260419
14.89652603 13.00635767 -0.14260419
14.85825887 13.20257770 -0.24260419
14.80059356 13.39399711 -0.34260419
14.72410629 13.57870330 -0.44260419
14.70841377 13.61105748 -0.46058392
14.70841377 13.61105748 -0.46058392
14.62861807 13.79435867 -0.36058392
14.56752060 13.98471039 -0.26058392
14.52573183 14.18021071 -0.16058392
14.50366929 14.37890626 -0.06058392
14.50000000 14.50000000 0.00000000
