1.50000000 1.50000000 1.57079633
1.69966683 1.50999167 1.47079633
1.89733866 1.53986684 1.37079633
2.09104041 1.58932702 1.27079633
2.27883668 1.65787801 1.17079633
2.45885108 1.74483488 1.07079633
2.62928495 1.84932877 0.97079633
2.78843537 1.97031563 0.87079633
2.93471218 2.10658658 0.77079633
3.06665382 2.25678006 0.67079633
3.07081447 2.26204123 0.66744256
3.07081447 2.26204123 0.66744256
3.20225165 2.41267637 0.76744256
3.34807061 2.54943713 0.86744256
3.50681439 2.67095706 0.96744256
3.67689685 2.77602196 1.06744256
3.85661860 2.86358206 1.16744256
4.04418391 2.93276249 1.26744256
4.23771869 2.98287202 1.36744256
4.43528922 3.01340997 1.46744256
4.63492142 3.02407121 1.56744256
4.83462064 3.01474923 1.66744256
5.03239155 2.98553717 1.76744256
5.22625809 2.93672690 1.86744256
5.41428321 2.86880612 1.96744256
5.59458822 2.78245347 2.06744256
5.76537158 2.67853175 2.16744256
5.87958770 2.59489693 2.23823889
5.87958770 2.59489693 2.23823889
5.95812842 2.53299899 2.23823889
6.03666915 2.47110105 2.23823889
6.11520987 2.40920311 2.23823889
6.12041230 2.40510307 2.23823889
6.12041230 2.40510307 2.23823889
6.28341671 2.28936095 2.13823889
6.45716171 2.19047034 2.03823889
6.63991130 2.10941933 1.93823889
6.82983950 2.04701776 1.83823889
7.02504861 2.00388911 1.73823889
7.22358817 1.98046432 1.63823889
7.42347444 1.97697743 1.53823889
7.62271021 1.99346330 1.43823889
7.81930480 2.02975719 1.33823889
8.01129389 2.08549648 1.23823889
8.19675919 2.16012422 1.13823889
8.37384759 2.25289478 1.03823889
8.54078968 2.36288120 0.93823889
8.69591745 2.48898456 0.83823889
8.83768088 2.62994485 0.73823889
8.92918553 2.73795877 0.66744256
8.92918553 2.73795877 0.66744256
8.81344341 2.57495436 0.56744256
8.71455280 2.40120936 0.46744256
8.63350179 2.21845977 0.36744256
8.57110022 2.02853157 0.26744256
8.52797157 1.83332246 0.16744256
8.50454678 1.63478290 0.06744256
8.50000000 1.50000000 0.00000000
8.50000000 1.50000000 0.00000000
8.50999167 1.69966683 0.10000000
8.53986684 1.89733866 0.20000000
8.58932702 2.09104041 0.30000000
8.65787801 2.27883668 0.40000000
8.74483488 2.45885108 0.50000000
8.84932877 2.62928495 0.60000000
8.97031563 2.78843537 0.70000000
9.10658658 2.93471218 0.80000000
9.25678006 3.06665382 0.90000000
9.41939539 3.18294197 1.00000000
9.59280776 3.28241472 1.10000000
9.77528449 3.36407817 1.20000000
9.96500234 3.42711637 1.30000000
10.16006571 3.47089946 1.40000000
10.35852560 3.49498997 1.50000000
10.55839904 3.49914721 1.60000000
10.75768899 3.48332962 1.70000000
10.95440419 3.44769526 1.80000000
11.14657913 3.39260018 1.90000000
11.33229367 3.31859485 2.00000000
11.50969221 3.22641873 2.10000000
11.67700223 3.11699281 2.20000000
11.83073954 2.99302789 2.29878537
11.83073954 2.99302789 2.29878537
11.98644177 2.86763453 2.19878537
12.15388459 2.75841191 2.09878537
12.33139495 2.66645133 1.99878537
12.51719924 2.59267164 1.89878537
12.70944097 2.53781001 1.79878537
12.90619931 2.50241462 1.69878537
13.10550831 2.48683911 1.59878537
13.30537657 2.49123911 1.49878537
13.50380704 2.51557066 1.39878537
13.69881709 2.55959065 1.29878537
13.88845823 2.62285924 1.19878537
14.07083564 2.70474427 1.09878537
14.24412706 2.80442758 0.99878537
14.40660101 2.92091317 0.89878537
14.50000000 3.00000000 0.83758330
14.50000000 3.00000000 0.83758330
14.65504505 3.12620503 0.93758330
14.82191501 3.23630088 1.03758330
14.99894255 3.32918751 1.13758330
15.18435889 3.40393683 1.23758330
15.37631139 3.45980197 1.33758330
15.57288214 3.49622474 1.43758330
15.77210706 3.51284122 1.53758330
15.97199557 3.50948539 1.63758330
16.17055045 3.48619076 1.73758330
16.36578779 3.44319010 1.83758330
16.55575686 3.38091305 1.93758330
16.73855955 3.29998187 2.03758330
16.91236934 3.20120519 2.13758330
17.07544960 3.08556996 2.23758330
17.16926046 3.00697211 2.29878537
17.16926046 3.00697211 2.29878537
17.02685454 3.14728331 2.39878537
16.89916780 3.30111040 2.49878537
16.78747605 3.46691641 2.59878537
16.69289527 3.64304464 2.69878537
16.61637048 3.82773528 2.79878537
16.55866630 4.01914298 2.89878537
16.52035929 4.21535524 2.99878537
16.50183218 4.41441157 3.09878537
16.50327011 4.61432308 -3.08439994
16.52465871 4.81309230 -2.98439994
16.56578426 5.00873322 -2.88439994
16.62623586 5.19929103 -2.78439994
16.70540949 5.38286177 -2.68439994
16.80251407 5.55761124 -2.58439994
16.91657938 5.72179341 -2.48439994
17.04646570 5.87376782 -2.38439994
17.19087525 6.01201600 -2.28439994
17.34836514 6.13515661 -2.18439994
17.51736179 6.24195928 -2.08439994
17.69617664 6.33135687 -1.98439994
17.88302302 6.40245615 -1.88439994
18.07603403 6.45454671 -1.78439994
18.27328117 6.48710809 -1.68439994
18.47279361 6.49981494 -1.58439994
18.50000000 6.50000000 -1.57079633
18.50000000 6.50000000 -1.57079633
18.30033317 6.50999167 -1.47079633
18.10266134 6.53986684 -1.37079633
17.90895959 6.58932702 -1.27079633
17.72116332 6.65787801 -1.17079633
17.54114892 6.74483488 -1.07079633
17.37071505 6.84932877 -0.97079633
17.21156463 6.97031563 -0.87079633
17.06528782 7.10658658 -0.77079633
16.93334618 7.25678006 -0.67079633
16.81705803 7.41939539 -0.57079633
16.80400339 7.44000212 -0.55859932
16.80400339 7.44000212 -0.55859932
16.75100350 7.52480195 -0.55859932
16.69800360 7.60960178 -0.55859932
16.64500371 7.69440161 -0.55859932
16.59200382 7.77920144 -0.55859932
16.53900392 7.86400127 -0.55859932
16.48600403 7.94880110 -0.55859932
16.43300413 8.03360093 -0.55859932
16.38000424 8.11840076 -0.55859932
16.32700435 8.20320059 -0.55859932
16.27400445 8.28800042 -0.55859932
16.22100456 8.37280025 -0.55859932
16.16800466 8.45760008 -0.55859932
16.11500477 8.54239992 -0.55859932
16.06200488 8.62719975 -0.55859932
16.00900498 8.71199958 -0.55859932
15.95600509 8.79679941 -0.55859932
15.90300519 8.88159924 -0.55859932
15.85000530 8.96639907 -0.55859932
15.79700541 9.05119890 -0.55859932
15.74400551 9.13599873 -0.55859932
15.69100562 9.22079856 -0.55859932
15.63800572 9.30559839 -0.55859932
15.58500583 9.39039822 -0.55859932
15.53200594 9.47519805 -0.55859932
15.47900604 9.55999788 -0.55859932
15.42600615 9.64479771 -0.55859932
15.37300625 9.72959754 -0.55859932
15.32000636 9.81439737 -0.55859932
15.26700647 9.89919720 -0.55859932
15.21400657 9.98399703 -0.55859932
15.16100668 10.06879686 -0.55859932
15.10800678 10.15359669 -0.55859932
15.05500689 10.23839652 -0.55859932
15.00200700 10.32319635 -0.55859932
14.94900710 10.40799618 -0.55859932
14.89600721 10.49279601 -0.55859932
14.84300731 10.57759584 -0.55859932
14.79000742 10.66239568 -0.55859932
14.73700753 10.74719551 -0.55859932
14.68400763 10.83199534 -0.55859932
14.63100774 10.91679517 -0.55859932
14.57800784 11.00159500 -0.55859932
14.52500795 11.08639483 -0.55859932
14.47200806 11.17119466 -0.55859932
14.41900816 11.25599449 -0.55859932
14.36600827 11.34079432 -0.55859932
14.31300837 11.42559415 -0.55859932
14.26000848 11.51039398 -0.55859932
14.20700859 11.59519381 -0.55859932
14.15400869 11.67999364 -0.55859932
14.10100880 11.76479347 -0.55859932
14.04800890 11.84959330 -0.55859932
13.99500901 11.93439313 -0.55859932
13.94200912 12.01919296 -0.55859932
13.88900922 12.10399279 -0.55859932
13.83600933 12.18879262 -0.55859932
13.78300943 12.27359245 -0.55859932
13.73000954 12.35839228 -0.55859932
13.67700965 12.44319211 -0.55859932
13.62400975 12.52799194 -0.55859932
13.57100986 12.61279177 -0.55859932
13.51800996 12.69759160 -0.55859932
13.46501007 12.78239144 -0.55859932
13.41201018 12.86719127 -0.55859932
13.35901028 12.95199110 -0.55859932
13.30601039 13.03679093 -0.55859932
13.25301049 13.12159076 -0.55859932
13.20001060 13.20639059 -0.55859932
13.14701071 13.29119042 -0.55859932
13.09401081 13.37599025 -0.55859932
13.04101092 13.46079008 -0.55859932
12.98801102 13.54558991 -0.55859932
12.93501113 13.63038974 -0.55859932
12.88201124 13.71518957 -0.55859932
12.82901134 13.79998940 -0.55859932
12.77601145 13.88478923 -0.55859932
12.72301155 13.96958906 -0.55859932
12.67001166 14.05438889 -0.55859932
12.61701177 14.13918872 -0.55859932
12.56401187 14.22398855 -0.55859932
12.51101198 14.30878838 -0.55859932
12.45801208 14.39358821 -0.55859932
12.40501219 14.47838804 -0.55859932
12.35201230 14.56318787 -0.55859932
12.29901240 14.64798770 -0.55859932
12.24601251 14.73278753 -0.55859932
12.19301261 14.81758736 -0.55859932
12.14001272 14.90238720 -0.55859932
12.08701283 14.98718703 -0.55859932
12.03401293 15.07198686 -0.55859932
11.98101304 15.15678669 -0.55859932
11.92801314 15.24158652 -0.55859932
11.87501325 15.32638635 -0.55859932
11.82201336 15.41118618 -0.55859932
11.80400339 15.44000212 -0.55859932
11.80400339 15.44000212 -0.55859932
11.70665310 15.61461483 -0.45859932
11.62722134 15.79807402 -0.35859932
11.56650176 15.98854661 -0.25859932
11.52510106 16.18412949 -0.15859932
11.50343290 16.38286843 -0.05859932
11.50171377 16.58277772 0.04140068
11.51996086 16.78185992 0.14140068
11.55799185 16.97812586 0.24140068
11.61542674 17.16961453 0.34140068
11.69169166 17.35441264 0.44140068
11.78602460 17.53067373 0.54140068
11.89748302 17.69663668 0.64140068
12.02495326 17.85064322 0.74140068
12.16716168 17.99115459 0.84140068
12.32268737 18.11676683 0.94140068
12.48997639 18.22622487 1.04140068
12.66735723 18.31843505 1.14140068
12.85305756 18.39247602 1.24140068
13.04522192 18.44760799 1.34140068
13.24193028 18.48328012 1.44140068
13.44121718 18.49913596 1.54140068
13.50000000 18.50000000 1.57079633
13.50000000 18.50000000 1.57079633
13.30033317 18.49000833 1.47079633
13.10266134 18.46013316 1.37079633
13.04384112 18.44728505 1.34069165
13.04384112 18.44728505 1.34069165
12.94647687 18.42447711 1.34069165
12.84911262 18.40166917 1.34069165
12.75174836 18.37886122 1.34069165
12.65438411 18.35605328 1.34069165
12.55701986 18.33324533 1.34069165
12.45965561 18.31043739 1.34069165
12.36229135 18.28762945 1.34069165
12.26492710 18.26482150 1.34069165
12.16756285 18.24201356 1.34069165
12.07019860 18.21920561 1.34069165
11.97283434 18.19639767 1.34069165
11.87547009 18.17358973 1.34069165
11.77810584 18.15078178 1.34069165
11.68074159 18.12797384 1.34069165
11.58337733 18.10516590 1.34069165
11.48601308 18.08235795 1.34069165
11.38864883 18.05955001 1.34069165
11.29128457 18.03674206 1.34069165
11.19392032 18.01393412 1.34069165
11.09655607 17.99112618 1.34069165
10.99919182 17.96831823 1.34069165
10.90182756 17.94551029 1.34069165
10.80446331 17.92270234 1.34069165
10.70709906 17.89989440 1.34069165
10.60973481 17.87708646 1.34069165
10.51237055 17.85427851 1.34069165
10.41500630 17.83147057 1.34069165
10.31764205 17.80866263 1.34069165
10.22027780 17.78585468 1.34069165
10.12291354 17.76304674 1.34069165
10.02554929 17.74023879 1.34069165
9.92818504 17.71743085 1.34069165
9.83082078 17.69462291 1.34069165
9.73345653 17.67181496 1.34069165
9.63609228 17.64900702 1.34069165
9.53872803 17.62619907 1.34069165
9.44136377 17.60339113 1.34069165
9.34399952 17.58058319 1.34069165
9.24663527 17.55777524 1.34069165
9.14927102 17.53496730 1.34069165
9.05190676 17.51215936 1.34069165
8.95454251 17.48935141 1.34069165
8.85717826 17.46654347 1.34069165
8.75981401 17.44373552 1.34069165
8.66244975 17.42092758 1.34069165
8.56508550 17.39811964 1.34069165
8.46772125 17.37531169 1.34069165
8.37035699 17.35250375 1.34069165
8.27299274 17.32969580 1.34069165
8.17562849 17.30688786 1.34069165
8.07826424 17.28407992 1.34069165
7.98089998 17.26127197 1.34069165
7.88353573 17.23846403 1.34069165
7.78617148 17.21565609 1.34069165
7.68880723 17.19284814 1.34069165
7.59144297 17.17004020 1.34069165
7.49407872 17.14723225 1.34069165
7.39671447 17.12442431 1.34069165
7.29935022 17.10161637 1.34069165
7.20198596 17.07880842 1.34069165
7.10462171 17.05600048 1.34069165
7.00725746 17.03319253 1.34069165
6.90989320 17.01038459 1.34069165
6.81252895 16.98757665 1.34069165
6.71516470 16.96476870 1.34069165
6.61780045 16.94196076 1.34069165
6.52043619 16.91915282 1.34069165
6.42307194 16.89634487 1.34069165
6.32570769 16.87353693 1.34069165
6.22834344 16.85072898 1.34069165
6.13097918 16.82792104 1.34069165
6.03361493 16.80511310 1.34069165
5.93625068 16.78230515 1.34069165
5.83888643 16.75949721 1.34069165
5.74152217 16.73668926 1.34069165
5.64415792 16.71388132 1.34069165
5.54679367 16.69107338 1.34069165
5.44942941 16.66826543 1.34069165
5.35206516 16.64545749 1.34069165
5.25470091 16.62264955 1.34069165
5.15733666 16.59984160 1.34069165
5.05997240 16.57703366 1.34069165
4.96260815 16.55422571 1.34069165
4.95615888 16.55271495 1.34069165
4.95615888 16.55271495 1.34069165
4.75947586 16.51690336 1.44069165
4.56020025 16.50090622 1.54069165
4.50000000 16.50000000 1.57079633
4.50000000 16.50000000 1.57079633
4.30033317 16.50999167 1.67079633
4.10266134 16.53986684 1.77079633
3.90895959 16.58932702 1.87079633
3.72116332 16.65787801 1.97079633
3.54114892 16.74483488 2.07079633
3.51676030 16.75838015 2.08474527
3.51676030 16.75838015 2.08474527
3.68572006 16.65151913 2.18474527
3.84316742 16.52832413 2.28474527
3.98752922 16.39002610 2.38474527
4.11736305 16.23800684 2.48474527
4.23137165 16.07378529 2.58474527
4.32841588 15.89900230 2.68474527
4.40752612 15.71540423 2.78474527
4.46791191 15.52482555 2.88474527
4.50896990 15.32917045 2.98474527
4.53028985 15.13039385 3.08474527
4.53165875 14.93048186 3.18474527
4.51676030 14.75838015 -3.01204049
4.51676030 14.75838015 3.27114482
4.50087327 14.55909573 3.17114482
4.50000000 14.50000000 3.14159265
